#z_low   z_up   n(z) [h/Mpc]^3   bias    growth_rate(f)     Sigma_z     Sigma_xy
0.0000000e+00 2.0000000e-01 2.5043642e-02 1.4120005e+00 5.7834642e-01 1.2511435e+01 7.9269258e+00
2.0000000e-01 4.0000000e-01 3.0843371e-03 1.5683640e+00 6.7802401e-01 1.1975425e+01 7.1366232e+00
4.0000000e-01 6.0000000e-01 4.7299122e-04 2.2048466e+00 7.5522547e-01 1.1304160e+01 6.4402893e+00
6.0000000e-01 8.0000000e-01 4.5946895e-04 2.4324741e+00 8.1315152e-01 1.0584482e+01 5.8376160e+00
8.0000000e-01 1.1000000e+00 2.4472358e-04 2.7296183e+00 8.6488403e-01 9.7013833e+00 5.2021376e+00
1.1000000e+00 1.3000000e+00 3.3741756e-04 1.5004111e+00 9.0041242e-01 8.8869292e+00 4.6763161e+00
1.3000000e+00 1.6000000e+00 2.4813557e-04 1.6553837e+00 9.2509856e-01 8.1595913e+00 4.2385317e+00
1.6000000e+00 1.8000000e+00 3.1866209e-05 2.5895251e+00 9.4255085e-01 7.5191432e+00 3.8707575e+00
1.8000000e+00 2.1000000e+00 2.6954388e-05 2.8165648e+00 9.5512829e-01 6.9577945e+00 3.5587406e+00
