0.0001000000000000 438.3096531736902080
0.0001007284360662 441.3942175479738239
0.0001014621783235 444.5004675569520032
0.0001022012654240 447.6285552714248297
0.0001029457363015 450.7786336957228741
0.0001036956301734 453.9508568256991339
0.0001044509865427 457.1453797273618420
0.0001052118452002 460.3623585451095437
0.0001059782462266 463.6019505091588258
0.0001067502299945 466.8643139430224096
0.0001075278371706 470.1496082710340261
0.0001083111087178 473.4579940259113755
0.0001091000858974 476.7896328564094119
0.0001098948102714 480.1446875349809034
0.0001106953237044 483.5233219655185053
0.0001115016683659 486.9257011911291784
0.0001123138867327 490.3519914019839234
0.0001131320215911 493.8023599005744586
0.0001139561160388 497.2769750053405460
0.0001147862134877 500.7760061691638498
0.0001156223576659 504.2996240175828575
0.0001164645926197 507.8480003567763106
0.0001173129627168 511.4213081816329804
0.0001181675126476 515.0197216838357690
0.0001190282874283 518.6434162600295394
0.0001198953324030 522.2925685200419821
0.0001207686932459 525.9673562951360282
0.0001216484159643 529.6679586463354781
0.0001225345469001 533.3945558728183869
0.0001234271327334 537.1473295203346652
0.0001243262204837 540.9264623968259684
0.0001252318575135 544.7321388542858358
0.0001261440915301 548.5645448922781497
0.0001270629705882 552.4238678345897142
0.0001279885430928 556.3102963142147246
0.0001289208578014 560.2240202824450535
0.0001298599638265 564.1652310180734275
0.0001308059106386 568.1341211366270727
0.0001317587480685 572.1308845996863965
0.0001327185263099 576.1557167242605146
0.0001336852959221 580.2088141922237128
0.0001346591078329 584.2903750598279657
0.0001356400133408 588.4005987672605897
0.0001366280641182 592.5396861483063731
0.0001376233122139 596.7078393365496822
0.0001386258100556 600.9052609499876780
0.0001396356104532 605.1321545123576016
0.0001406527666010 609.3887249326453457
0.0001416773320811 613.6751785184796972
0.0001427093608657 617.9917229854411289
0.0001437489073201 622.3385674663603595
0.0001447960262059 626.7159225207425379
0.0001458507726833 631.1240001442039329
0.0001469132023144 635.5630137779992310
0.0001479833710661 640.0331783185824861
0.0001490613353130 644.5347101272569716
0.0001501471518402 649.0678270398645964
0.0001512408778467 653.6327483767011017
0.0001523425709478 658.2296952428220038
0.0001534522891789 662.8588911551131559
0.0001545700909977 667.5205613515435061
0.0001556960352882 672.2149326331496013
0.0001568301813629 676.9422333747691027
0.0001579725889667 681.7026935358735500
0.0001591233182795 686.4965446714850259
0.0001602824299197 691.3240199431367046
0.0001614499849471 696.1853541299205972
0.0001626260448664 701.0807836396227231
0.0001638106716303 706.0105465199318360
0.0001650039276428 710.9748824696828251
0.0001662058757625 715.9740328502476814
0.0001674165793057 721.0082406763444851
0.0001686361020503 726.0777499782093400
0.0001698645082383 731.1828056607589588
0.0001711018625801 736.3236542479961599
0.0001723482302571 741.5005439399899387
0.0001736036769258 746.7137246239062733
0.0001748682687209 751.9634478851404538
0.0001761420722587 757.2499670184998877
0.0001774251546408 762.5735370394617121
0.0001787175834578 767.9344146955078259
0.0001800194267924 773.3328584775366608
0.0001813307532234 778.7691286313212231
0.0001826516318291 784.2434871690635418
0.0001839821321909 789.7561978810219898
0.0001853223243973 795.3075263581648642
0.0001866722790470 800.8977400811276084
0.0001880320672532 806.5271083888907242
0.0001894017606472 812.1959024499838051
0.0001907814313818 817.9043952742636066
0.0001921711521357 823.6528617250859270
0.0001935709961168 829.4415785314762388
0.0001949810370663 835.2708243004585711
0.0001964013492626 841.1408795293776848
0.0001978320075252 847.0520266183891636
0.0001992730872186 853.0045498829490498
0.0002007246642562 858.9987355664113693
0.0002021868151045 865.0348718527362735
0.0002036596167869 871.1132488792296726
0.0002051431468880 877.2341587473415530
0.0002066374835574 883.3978955318970065
0.0002081427055140 889.6047552985984339
0.0002096588920502 895.8550361181138442
0.0002111861230360 902.1490380792088217
0.0002127244789231 908.4870633020052537
0.0002142740407493 914.8694159513029263
0.0002158348901427 921.2964022499852490
0.0002174071093260 927.7683304925350285
0.0002189907811209 934.2855110585734337
0.0002205859889524 940.8482564265806332
0.0002221928168530 947.4568811875811889
0.0002238113494675 954.1117020590425000
0.0002254416720574 960.8130378733225143
0.0002270838705050 967.5612089243261380
0.0002287380313184 974.3565368938837992
0.0002304042416357 981.1993455658656558
0.0002320825892299 988.0899608773182763
0.0002337731625134 995.0287109320970558
0.0002354760505423 1002.0159260145505868
0.0002371913430218 1009.0519386032659668
0.0002389191303104 1016.1370833849241535
0.0002406595034247 1023.2716972682120513
0.0002424125540445 1030.4561193978302072
0.0002441783745173 1037.6906911685889554
0.0002459570578632 1044.9757562395395780
0.0002477486977802 1052.3116605482618979
0.0002495533886485 1059.6987523264317588
0.0002513712255359 1067.1373821220101945
0.0002532023042029 1074.6279028089334133
0.0002550467211072 1082.1706695979019059
0.0002569045734096 1089.7660400510173986
0.0002587759589781 1097.4143740965237157
0.0002606609763941 1105.1160340436833849
0.0002625597249567 1112.8713845976906214
0.0002644723046888 1120.6807928746575271
0.0002663988163413 1128.5446284167521753
0.0002683393613996 1136.4632632073421519
0.0002702940420880 1144.4370716863115831
0.0002722629613755 1152.4664307653722517
0.0002742462229811 1160.5517198428597112
0.0002762439313796 1168.6933205383509176
0.0002782561918066 1176.8916162650366459
0.0002802831102643 1185.1469928297528895
0.0002823247935270 1193.4598385574813619
0.0002843813491470 1201.8305443067204124
0.0002864528854599 1210.2595034848818614
0.0002885395115904 1218.7471120638094817
0.0002906413374582 1227.2937685953827440
0.0002927584737836 1235.8998742271878655
0.0002948910320937 1244.5658327182470657
0.0002970391247275 1253.2920504549226735
0.0002992028648429 1262.0789364667987229
0.0003013823664217 1270.9269024427105705
0.0003035777442760 1279.8363627225269283
0.0003057891140544 1288.8077337739196082
0.0003080165922478 1297.8414341894688278
0.0003102602961957 1306.9378852285374251
0.0003125203440925 1316.0975108571983583
0.0003147968549932 1325.3207377642067968
0.0003170899488203 1334.6079953770474731
0.0003193997463700 1343.9597158780152313
0.0003217263693180 1353.3763342204204037
0.0003240699402268 1362.8582881448596709
0.0003264305825512 1372.4060181955858297
0.0003288084206458 1382.0199677369398614
0.0003312035797706 1391.7005829698350681
0.0003336161860983 1401.4483129484272013
0.0003360463667207 1411.2636094086012690
0.0003384942496552 1421.1469257530579853
0.0003409599638518 1431.0987177659042118
0.0003434436392000 1441.1194440968904473
0.0003459454065351 1451.2095662786689445
0.0003484653976459 1461.3695487429563400
0.0003510037452807 1471.5998588367979210
0.0003535605831552 1481.9009668388191585
0.0003561360459589 1492.2733459756116190
0.0003587302693626 1502.7174724382218756
0.0003613433900251 1513.2338253986326890
0.0003639755456011 1523.8228870263751560
0.0003666268747475 1534.4851425051454044
0.0003692975171317 1545.2210800483080675
0.0003719876134383 1556.0311905961077628
0.0003746973053765 1566.9159674019908834
0.0003774267356881 1577.8759066663908470
0.0003801760481545 1588.9115076550192498
0.0003829453876045 1600.0232727152849748
0.0003857348999218 1611.2117072929493133
0.0003885447320529 1622.4773199487897273
0.0003913750320147 1633.8206223752736150
0.0003942259489021 1645.2421294133946503
0.0003970976328964 1656.7423590694863833
0.0003999902352727 1668.3218325321668090
0.0004029039084078 1679.9810741893056729
0.0004058388057890 1691.7206116450793161
0.0004087950820212 1703.5409756805663619
0.0004117728928356 1715.4426992045493989
0.0004147723950981 1727.4263173275783174
0.0004177937468168 1739.4923683446324958
0.0004208371071511 1751.6413937886759413
0.0004239026364197 1763.8739384471125504
0.0004269904961092 1776.1905503779951232
0.0004301008488823 1788.5917809266220502
0.0004332338585867 1801.0781847419243604
0.0004363896902639 1813.6503197930653641
0.0004395685101571 1826.3087473860236969
0.0004427704857209 1839.0540321801818209
0.0004459957856296 1851.8867422050875575
0.0004492445797861 1864.8074488771612778
0.0004525170393309 1877.8167266471996300
0.0004558133366512 1890.9151512288835875
0.0004591336453902 1904.1033009282850799
0.0004624781404554 1917.3817574116742435
0.0004658469980290 1930.7511057217507187
0.0004692403955762 1944.2119342931448500
0.0004726585118549 1957.7648349678320301
0.0004761015269254 1971.4104030106723258
0.0004795696221595 1985.1492371247957180
0.0004830629802501 1998.9819394672406361
0.0004865817852209 2012.9091156644242346
0.0004901262224362 2026.9313748277941158
0.0004936964786105 2041.0493295693281652
0.0004972927418185 2055.2635960135498863
0.0005009152015047 2069.5747932173849222
0.0005045640484938 2083.9835425062101422
0.0005082394750003 2098.4904685567439628
0.0005119416746391 2113.0961995671759723
0.0005156708424353 2127.8013672717661393
0.0005194271748347 2142.6066069557032279
0.0005232108697141 2157.5125574698431592
0.0005270221263916 2172.5198612454637441
0.0005308611456373 2187.6291643091403785
0.0005347281296838 2202.8411162974493891
0.0005386232822367 2218.1563704717914334
0.0005425468084857 2233.5755837332121700
0.0005464989151150 2249.0994166371856409
0.0005504798103143 2264.7285332882606781
0.0005544897037900 2280.4635994076138559
0.0005585288067761 2296.3052826130733592
0.0005625973320450 2312.2542540718213786
0.0005666954939193 2328.3111885660046028
0.0005708235082828 2344.4767645055821959
0.0005749815925917 2360.7516639412656332
0.0005791699658864 2377.1365725773075610
0.0005833888488028 2393.6321797843206696
0.0005876384635839 2410.2391786121042969
0.0005919190340918 2426.9582658023823569
0.0005962307858191 2443.7901418014853334
0.0006005739459010 2460.7355107730918462
0.0006049487431274 2477.7950806108970028
0.0006093554079546 2494.9695624288215186
0.0006137941725178 2512.2596683411920822
0.0006182652706429 2529.6661132436438493
0.0006227689378593 2547.1896156945604162
0.0006273054114121 2564.8308979261032619
0.0006318749302743 2582.5906858546090916
0.0006364777351599 2600.4697090909780854
0.0006411140685365 2618.4687009509957534
0.0006457841746374 2636.5883984656256871
0.0006504882994756 2654.8295423910649333
0.0006552266908557 2673.1928772189530719
0.0006599995983875 2691.6791511863971209
0.0006648072734992 2710.2891162858304597
0.0006696499694504 2729.0235282604417080
0.0006745279413455 2747.8831449643330416
0.0006794414461471 2766.8687247971138277
0.0006843907426899 2785.9810294563903881
0.0006893760916936 2805.2208242961478390
0.0006943977557776 2824.5888783337659333
0.0006994559994739 2844.0859642569803327
0.0007045510892415 2863.7128584305792174
0.0007096832934807 2883.4703409031849333
0.0007148528825465 2903.3591954137741595
0.0007200601287635 2923.3802093980375503
0.0007253053064401 2943.5341739947825772
0.0007305886918826 2963.8218840520794402
0.0007359105634101 2984.2441381333574100
0.0007412712013693 3004.8017383109745424
0.0007466708881488 3025.4954871979348354
0.0007521099081942 3046.3261885902866197
0.0007575885480233 3067.2946497964680930
0.0007631070962408 3088.4016817013916807
0.0007686658435539 3109.6480987690129041
0.0007742650827872 3131.0347190445754677
0.0007799051088986 3152.5623641567985942
0.0007855862189943 3174.2318593198633607
0.0007913087123448 3196.0440333351543813
0.0007970728904009 3217.9997185929810257
0.0008028790568088 3240.0997510738980054
0.0008087275174269 3262.3449703500200485
0.0008146185803415 3284.7362195859932399
0.0008205525558830 3307.2743442568657883
0.0008265297566426 3329.9601873178876303
0.0008325504974882 3352.7945933178725682
0.0008386150955816 3375.7784101450833987
0.0008447238703948 3398.9124890233315455
0.0008508771437269 3422.1976845077701910
0.0008570752397212 3445.6348544800894160
0.0008633184848822 3469.2248601438973310
0.0008696072080926 3492.9685660193772492
0.0008759417406310 3516.8668399381331255
0.0008823224161890 3540.9205530373187685
0.0008887495708891 3565.1305797539052946
0.0008952235433020 3589.4977978184306266
0.0009017446744650 3614.0230882090017985
0.0009083133078992 3638.7073318544780705
0.0009149297896284 3663.5514070368953981
0.0009215944681969 3688.5561944643595780
0.0009283076946877 3713.7225778307138171
0.0009350698227415 3739.0514438032910220
0.0009418812085749 3764.5436820103850550
0.0009487422109994 3790.2001850282640589
0.0009556531914400 3816.0218483678913799
0.0009626145139546 3842.0095704613713679
0.0009696265452532 3868.1642526477530737
0.0009766896547167 3894.4867991590131169
0.0009838042144169 3920.9781171050731245
0.0009909705991359 3947.6391164588571883
0.0009981891863859 3974.4707095462968027
0.0010054603564289 4001.4738050059063426
0.0010127844922969 4028.6493095052787794
0.0010201619798121 4055.9981320970341585
0.0010275932076071 4083.5211842900480406
0.0010350785671456 4111.2193800270106294
0.0010426184527427 4139.0936356614829492
0.0010502132615857 4167.1448699345473869
0.0010578633937556 4195.3740039510985298
0.0010655692522473 4223.7819611554950825
0.0010733312429915 4252.3696673069471217
0.0010811497748757 4281.1380504543576535
0.0010890252597660 4310.0880409106557636
0.0010969581125286 4339.2205712267259514
0.0011049487510519 4368.5365727211164995
0.0011129975962680 4398.0369640614890159
0.0011211050721757 4427.7226616358047977
0.0011292716058619 4457.5945833543974004
0.0011374976275248 4487.6536486118930043
0.0011457835704964 4517.9007782487851728
0.0011541298712650 4548.3368945123165759
0.0011625369694985 4578.9629210168304780
0.0011710053080678 4609.7797827034764850
0.0011795353330694 4640.7884057993860552
0.0011881274938495 4671.9897177761431522
0.0011967822430277 4703.3846473077164774
0.0012055000365203 4734.9741242279324069
0.0012142813335649 4766.7590794373381868
0.0012231265967442 4798.7404417040743283
0.0012320362920107 4830.9191356147348415
0.0012410108887110 4863.2960860542370938
0.0012500508596103 4895.8722186029081058
0.0012591566809181 4928.6484594865523832
0.0012683288323124 4961.6257355253228525
0.0012775677969656 4994.8049740824981200
0.0012868740615694 5028.1871030124530080
0.0012962481163610 5061.7730506077186874
0.0013056904551485 5095.5637455455425879
0.0013152015753373 5129.5601168337661875
0.0013247819779559 5163.7630937559597442
0.0013344321676824 5198.1736058158603555
0.0013441526528714 5232.7925812432285966
0.0013539439455803 5267.6209316363519974
0.0013638065615966 5302.6595573742106353
0.0013737410204650 5337.9093578712427188
0.0013837478455149 5373.3712316801775160
0.0013938275638875 5409.0460764205081432
0.0014039807065641 5444.9347887059811910
0.0014142078083938 5481.0382640713405635
0.0014245094081218 5517.3573968983610030
0.0014348860484176 5553.8930803409202781
0.0014453382759037 5590.6462062492555560
0.0014558666411846 5627.6176650934348800
0.0014664716988754 5664.8083458859964594
0.0014771540076313 5702.2191361036511807
0.0014879141301768 5739.8509184057120365
0.0014987526333358 5777.7045612822594194
0.0015096700880608 5815.7809280400160787
0.0015206670694635 5854.0808796313403946
0.0015317441568449 5892.6052745644828974
0.0015429019337260 5931.3549688129978676
0.0015541409878780 5970.3308157244246104
0.0015654619113540 6009.5336659276290447
0.0015768653005196 6048.9643672395668546
0.0015883517560846 6088.6237645710507422
0.0015999218831348 6128.5126998316954996
0.0016115762911632 6168.6320118335706866
0.0016233155941031 6208.9825361945540863
0.0016351404103595 6249.5651050103606394
0.0016470513628423 6290.3805352754370688
0.0016590490789988 6331.4296230766303779
0.0016711341908469 6372.7131587942167243
0.0016833073350083 6414.2319283070664824
0.0016955691527423 6455.9867128787764159
0.0017079202899789 6497.9782890427040911
0.0017203613973538 6540.2074284860464104
0.0017328931302419 6582.6748979330523071
0.0017455161487920 6625.3814590268711981
0.0017582311179619 6668.3278682109148576
0.0017710387075531 6711.5148766088186676
0.0017839395922460 6754.9432299034997413
0.0017969344516359 6798.6136682154519804
0.0018100239702684 6842.5269244286619141
0.0018232088376755 6886.6837095992832474
0.0018364897484120 6931.0847189717660513
0.0018498674020923 6975.7306409085376799
0.0018633425034269 7020.6221568709970597
0.0018769157622595 7065.7599412818581186
0.0018905878936048 7111.1446613866255575
0.0019043596176858 7156.7769771141020101
0.0019182316599720 7202.6575409357556055
0.0019322047512173 7248.7869977242544337
0.0019462796274989 7295.1659846107640988
0.0019604570302555 7341.7951308414276355
0.0019747377063271 7388.6750576327140152
0.0019891224079937 7435.8063780252459765
0.0020036118930153 7483.1896898293298364
0.0020182069246715 7530.8255580493350863
0.0020329082718023 7578.7145330006387667
0.0020477167088477 7626.8571552937164597
0.0020626330158894 7675.2539556714218634
0.0020776579786914 7723.9054548452377276
0.0020927923887414 7772.8121633303171620
0.0021080370432926 7821.9745812798264524
0.0021233927454057 7871.3931983182210388
0.0021388603039912 7921.0684933734946753
0.0021544405338521 7971.0009345082344225
0.0021701342557264 8021.1909787502918334
0.0021859422963310 8071.6390719220198662
0.0022018654884048 8122.3456482700385095
0.0022179046707525 8173.3111223080495620
0.0022340606882891 8224.5358856863131223
0.0022503343920844 8276.0203169117776270
0.0022667266394074 8327.7647819074300060
0.0022832382937720 8379.7696338302703225
0.0022998702249821 8432.0352128877275391
0.0023166233091777 8484.5618461536596442
0.0023334984288807 8537.3498473835097684
0.0023504964730419 8590.3995168281926453
0.0023676183370873 8643.7111410476245510
0.0023848649229657 8697.2849927233728522
0.0024022371391957 8751.1213304702268942
0.0024197359009143 8805.2203986475542479
0.0024373621299244 8859.5824240048550564
0.0024551167547438 8914.2075895461639448
0.0024730007106537 8969.0960470314894337
0.0024910149397485 9024.2479318654204690
0.0025091603909852 9079.6633630355136120
0.0025274380202330 9135.3424429049846367
0.0025458487903243 9191.2852570042632578
0.0025643936711051 9247.4918738227333961
0.0025830736394859 9303.9623445990619075
0.0026018896794935 9360.6967031115527789
0.0026208427823228 9417.6949654677719082
0.0026399339463888 9474.9571298931805359
0.0026591641773793 9532.4831765201361122
0.0026785344883079 9590.2730671731951588
0.0026980458995675 9648.3267394205959135
0.0027176994389838 9706.6440938049909164
0.0027374961418694 9765.2250077651406173
0.0027574370510788 9824.0693389108855627
0.0027775232170628 9883.1769248016389611
0.0027977556979242 9942.5475827245845721
0.0028181355594733 10002.1811094729800971
0.0028386638752841 10062.0772811234819528
0.0028593417267511 10122.2358528137501708
0.0028801702031459 10182.6565585201897193
0.0029011504016748 10243.3391108343494125
0.0029222834275366 10304.2832007407614583
0.0029435703939806 10365.4884973934458685
0.0029650124223656 10426.9546471521407511
0.0029866106422187 10488.6812490038901160
0.0030083661912949 10550.6678481567396375
0.0030302802156370 10612.9139638935139374
0.0030523538696359 10675.4190911529949517
0.0030745883160917 10738.1827002929785522
0.0030969847262746 10801.2042368533911940
0.0031195442799869 10864.4831213197594479
0.0031422681656247 10928.0187488867795764
0.0031651575802412 10991.8104892228038807
0.0031882137296091 11055.8576862338759383
0.0032114378282845 11120.1596578291919286
0.0032348310996707 11184.7156956862345396
0.0032583947760828 11249.5250650169764413
0.0032821300988124 11314.5870010633007041
0.0033060383181931 11379.9006852421553049
0.0033301206936667 11445.4652579626472289
0.0033543784938488 11511.2798311464539438
0.0033788129965963 11577.3434880745789997
0.0034034254890744 11643.6552831486496871
0.0034282172678245 11710.2142416524220607
0.0034531896388326 11777.0193595149248722
0.0034783439175976 11844.0696030743074516
0.0035036814292014 11911.3639088431355049
0.0035292035083779 11978.9011832742799015
0.0035549114995841 12046.6803025287536002
0.0035808067570701 12114.7001122445999499
0.0036068906449511 12182.9594272809517861
0.0036331645372788 12251.4570076349955343
0.0036596298181144 12320.1915131331843440
0.0036862878816005 12389.1615579200952197
0.0037131401320356 12458.3657221204994130
0.0037401879839475 12527.8025515968656691
0.0037674328621679 12597.4705577098229696
0.0037948762019074 12667.3682170807460352
0.0038225194488314 12737.4939713559415395
0.0038503640591359 12807.8462269730935077
0.0038784114996243 12878.4233549302807660
0.0039066632477849 12949.2236905573863623
0.0039351207918684 13020.2455332892313891
0.0039637856309666 13091.4871464421103155
0.0039926592750912 13162.9467567667998082
0.0040217432452531 13234.6225480732864526
0.0040510390735433 13306.5126601160209248
0.0040805483032126 13378.6151949869436066
0.0041102724887537 13450.9282172702787648
0.0041402131959826 13523.4497538336017897
0.0041703720021215 13596.1777936210764892
0.0042007504958815 13669.1102874504849751
0.0042313502775464 13742.2451478132388729
0.0042621729590571 13815.5802486778629827
0.0042932201640966 13889.1134252966458007
0.0043244935281751 13962.8424740163773095
0.0043559946987167 14036.7651520917661401
0.0043877253351458 14110.8791775036133913
0.0044196871089747 14185.1821999647436314
0.0044518817038915 14259.6716172592514340
0.0044843108158492 14334.3446878789072798
0.0045169761531543 14409.1986228757650679
0.0045498794365575 14484.2305860768010461
0.0045830223993439 14559.4376938853947649
0.0046164067874248 14634.8170150881705922
0.0046500343594289 14710.3655706679692230
0.0046839068867957 14786.0803336219742050
0.0047180261538683 14861.9582287865141552
0.0047523939579879 14937.9961326676748286
0.0047870121095879 15014.1908732781157596
0.0048218824322895 15090.5392299798968452
0.0048570067629982 15167.0379337386239058
0.0048923869519997 15243.6838541297092888
0.0049280248630583 15320.4743027218100906
0.0049639223735143 15397.4066335510597128
0.0050000813743833 15474.4781665355003497
0.0050365037704558 15551.6861874235473806
0.0050731914803975 15629.0279477473141014
0.0051101464368503 15706.5006647789232375
0.0051473705865342 15784.1015214925719192
0.0051848658903497 15861.8276665293578844
0.0052226343234813 15939.6762141673552833
0.0052606778755016 16017.6442442956904415
0.0052989985504756 16095.7288023938672268
0.0053375983670670 16173.9268995141901542
0.0053764793586439 16252.2354673495938187
0.0054156435733864 16330.6503271799192589
0.0054550930743941 16409.1661429799460166
0.0054948299397952 16487.7774517576945073
0.0055348562628554 16566.4787122855377675
0.0055751741520887 16645.2643049964863167
0.0056157857313684 16724.1285318975533301
0.0056566931400387 16803.0656165012624115
0.0056978985330274 16882.0697037755962810
0.0057394040809600 16961.1348601115423662
0.0057812119702731 17040.2550733104289975
0.0058233244033306 17119.4242525889712851
0.0058657435985388 17198.6362286055336881
0.0059084717904639 17277.8847535040731600
0.0059515112299494 17357.1637081261906133
0.0059948641842349 17436.4682655754950247
0.0060385329370752 17515.7941034086761647
0.0060825197888608 17595.1368613073937013
0.0061268270567393 17674.4921397147045354
0.0061714570747369 17753.8554999952102662
0.0062164121938820 17833.2224646046852286
0.0062616947823286 17912.5885172663547564
0.0063073072254812 17991.9491031567013124
0.0063532519261204 18071.2996290977025637
0.0063995313045295 18150.6354637591975916
0.0064461477986222 18229.9519378682707611
0.0064931038640708 18309.2443444276941591
0.0065404019744353 18388.5079368156038981
0.0065880446212944 18467.7373525160583085
0.0066360343143761 18546.9258171628061973
0.0066843735816903 18626.0662897767833783
0.0067330649696618 18705.1516563456534641
0.0067821110432644 18784.1747301678187796
0.0068315143861562 18863.1282522195506317
0.0068812776008156 18942.0048915459083219
0.0069314033086782 19020.7972456737588800
0.0069818941502754 19099.4978410500407335
0.0070327527853730 19178.0991335030557821
0.0070839818931114 19256.5935087280995504
0.0071355841721469 19334.9732827976513363
0.0071875623407940 19413.2307026964190300
0.0072399191371681 19491.3579827425746771
0.0072926573193300 19569.3480040924041532
0.0073457796654316 19647.1942810873806593
0.0073992889738614 19724.8903109179082094
0.0074531880633925 19802.4295481133813155
0.0075074797733312 19879.8054050950631790
0.0075621669636661 19957.0112527438832331
0.0076172525152190 20034.0404209819898824
0.0076727393297967 20110.8861993709797389
0.0077286303303437 20187.5418377238092944
0.0077849284610966 20264.0005467320224852
0.0078416366877385 20340.2554986079994706
0.0078987579975557 20416.2998277434162446
0.0079562953995952 20492.1266313802880177
0.0080142519248227 20567.7287813645707502
0.0080726306262827 20643.0979893807343615
0.0081314345792592 20718.2255006097766454
0.0081906668814375 20793.1025004231232742
0.0082503306530677 20867.7201159643445862
0.0083104290371290 20942.0694171459217614
0.0083709651994950 21016.1414176739672257
0.0084319423291008 21089.9270761037078046
0.0084933636381108 21163.4172969207647839
0.0085552323620880 21236.6029316550411750
0.0086175517601644 21309.4747800210789137
0.0086803251152126 21382.0235910892188258
0.0087435557340190 21454.2400644854897109
0.0088072469474577 21526.1148508027690696
0.0088714021106661 21597.6384094866771193
0.0089360246032216 21668.8008432613823970
0.0090011178293199 21739.5921646450551634
0.0090666852179537 21810.0023367908797809
0.0091327302230940 21880.0212749543243262
0.0091992563238718 21949.6388479963388818
0.0092662670247610 22018.8448799201505608
0.0093337658557638 22087.6291514413023833
0.0094017563725959 22155.9814015930751339
0.0094702421568742 22223.8913293641053315
0.0095392268163055 22291.3485953726958542
0.0096087139848762 22358.3428235718129145
0.0096787073230442 22424.8636029901390430
0.0097492105179314 22490.9004732230787340
0.0098202272835180 22556.4426545944152167
0.0098917613608382 22621.4790876868864871
0.0099638165181773 22685.9986712378158700
0.0100363965512700 22749.9902720564059564
0.0101095052835007 22813.4427271008571552
0.0101831465661045 22876.3448455962061416
0.0102573242783704 22938.6854111879729317
0.0103320423278456 23000.4531841353091295
0.0104073046505411 23061.6369035405732575
0.0104831152111395 23122.2252896171594330
0.0105594780032033 23182.2070459942697198
0.0106363970493856 23241.5708620583645825
0.0107138764016422 23300.3054153316661541
0.0107919201414445 23358.3992897930074832
0.0108705323799950 23415.8406118958882871
0.0109497172584435 23472.6173487043597561
0.0110294789481057 23528.7174587481240451
0.0111098216506824 23584.1288948797591729
0.0111907495984813 23638.8396070762573800
0.0112722670546396 23692.8375452787513495
0.0113543783133489 23746.1106622741208412
0.0114370877000810 23798.6469166156530264
0.0115203995718163 23850.4342755824582127
0.0116043183172727 23901.4607181778337690
0.0116888483571374 23951.7142381652665790
0.0117739941442993 24001.1828471417684341
0.0118597601640838 24049.8545743638023851
0.0119461509344889 24097.7170715196698438
0.0120331710064236 24144.7572309032875637
0.0121208249639471 24190.9618758084325236
0.0122091174245108 24236.3178539839718724
0.0122980530392009 24280.8120413786709832
0.0123876364929842 24324.4313459309742029
0.0124778725049542 24367.1627114038055879
0.0125687658285802 24408.9931212609226350
0.0126603212519572 24449.9096025869730511
0.0127525435980587 24489.8992300479949336
0.0128454377249904 24528.9491298914399522
0.0129390085262461 24567.0464839856176695
0.0130332609309655 24604.1785338962217793
0.0131281999041943 24640.3325517403063714
0.0132238304471450 24675.4953662850966793
0.0133201575974608 24709.6534747983241687
0.0134171864294812 24742.7934352605770982
0.0135149220545086 24774.9018816634197719
0.0136133696210784 24805.9655286954075564
0.0137125343152293 24835.9711764670100820
0.0138124213607774 24864.9057152705318003
0.0139130360195909 24892.7561303755319386
0.0140143835918670 24919.5095068566988630
0.0141164694164118 24945.1530344521088409
0.0142192988709212 24969.6740124519710662
0.0143228773722639 24993.0598546126602741
0.0144272103767673 25015.2980940984853078
0.0145323033805045 25036.3762397483988025
0.0146381619195840 25056.2812125038071827
0.0147447915704413 25074.9998494262581517
0.0148521979501328 25092.5191241825086763
0.0149603867166314 25108.8261526509450050
0.0150693635691249 25123.9081985071570671
0.0151791342483157 25137.7526788309405674
0.0152897045367239 25150.3471697308414150
0.0154010802589915 25161.6794119839723862
0.0155132672821891 25171.7373166896286421
0.0156262715161253 25180.5089709310195758
0.0157400989136578 25187.9826434456153947
0.0158547554710073 25194.1467902989716094
0.0159702472280728 25198.9900575238316378
0.0160865802687503 25202.5010184171660512
0.0162037607212531 25204.6679684643604560
0.0163217947584345 25205.4793635789319524
0.0164406885981131 25204.9238757423372590
0.0165604485034005 25202.9903990860766498
0.0166810807830310 25199.6680559642227308
0.0168025917916937 25194.9462030095346563
0.0169249879303681 25188.8144371756825421
0.0170482756466602 25181.2626017559887259
0.0171724614351431 25172.2807923783293518
0.0172975518376984 25161.8593629713723203
0.0174235534438613 25149.9889316999797302
0.0175504728911676 25136.6603868633246748
0.0176783168655031 25121.8648830813108361
0.0178070921014562 25105.5937267325825815
0.0179368053826724 25087.8384190690994728
0.0180674635422117 25068.5907533823810809
0.0181990734629085 25047.8428228351040161
0.0183316420777345 25025.5870262064127019
0.0184651763701633 25001.8160735755773203
0.0185996833745390 24976.5229919394842000
0.0187351701764463 24949.7011307596621918
0.0188716439130836 24921.3441674365385552
0.0190091117736395 24891.4461127025060705
0.0191475809996712 24860.0013159363879822
0.0192870588854859 24827.0044703868334182
0.0194275527785254 24792.4506183082194184
0.0195690700797527 24756.3352789922610100
0.0197116182440420 24718.6548644298491126
0.0198552047805718 24679.4062913405396102
0.0199998372532200 24638.5868393960918183
0.0201455232809624 24596.1941553223005030
0.0202922705382744 24552.2262568848527735
0.0204400867555349 24506.6815367553790566
0.0205889797194336 24459.5587662519683363
0.0207389572733815 24410.8570989510626532
0.0208900273179236 24360.5760741669000708
0.0210421978111554 24308.7156202963160467
0.0211954767691422 24255.2760580217945972
0.0213498722663408 24200.2581033741153078
0.0215053924360257 24143.6628844748374831
0.0216620454707169 24085.4928682138706790
0.0218198396226117 24025.7524328107283509
0.0219787832040192 23964.4464753435604507
0.0221388845877987 23901.5802726746951521
0.0223001522078002 23837.1594818992853106
0.0224625945593090 23771.1901406385659357
0.0226262201994931 23703.6786671782610938
0.0227910377478538 23634.6318604489097197
0.0229570558866803 23564.0568998467206256
0.0231242833615065 23491.9613448954623891
0.0232927289815721 23418.3531347459938843
0.0234624016202861 23343.2405875146687322
0.0236333102156952 23266.6323994566409965
0.0238054637709535 23188.5378984746312199
0.0239788713547976 23108.9697946423730173
0.0241535421020240 23027.9430911541821843
0.0243294852139705 22945.4731222963746404
0.0245067099590004 22861.5755140979526914
0.0246852256729914 22776.2661793150218728
0.0248650417598270 22689.5613123120892851
0.0250461676918921 22601.4773838426262955
0.0252286130105716 22512.0311357306090940
0.0254123873267536 22421.2395754575154569
0.0255975003213351 22329.1199706546285597
0.0257839617457324 22235.6898435055591108
0.0259717814223948 22140.9669650595096755
0.0261609692453214 22044.9693494601488055
0.0263515351805831 21947.7166841890066280
0.0265434892668473 21849.2344860104894906
0.0267368416159065 21749.5497440712024400
0.0269316024132111 21648.6895081516231585
0.0271277819184062 21546.6808780986284546
0.0273253904658717 21443.5509933708526660
0.0275244384652669 21339.3270226977692801
0.0277249364020789 21234.0361538600773201
0.0279268948381747 21127.7055835932223999
0.0281303244123578 21020.3625076191165135
0.0283352358409286 20912.0341108099928533
0.0285416399182491 20802.7475574858908658
0.0287495475173109 20692.5299818531711935
0.0289589695903088 20581.4085692933113023
0.0291699171692170 20469.4152661392508890
0.0293824013663709 20356.5889449856513238
0.0295964333750519 20242.9687135402855347
0.0298120244700775 20128.5933179788953566
0.0300291860083948 20013.5011299724064884
0.0302479294296793 19897.7301342701066460
0.0304682662569369 19781.3179168333699636
0.0306902080971115 19664.3016535171700525
0.0309137666416960 19546.7180992947687628
0.0311389536673484 19428.6035780200800218
0.0313657810365122 19309.9939727254532045
0.0315942606980411 19190.9247164459447959
0.0318244046878286 19071.4307835660947603
0.0320562251294419 18951.5474121528823161
0.0322897342347610 18831.3169815236688009
0.0325249443046211 18710.7857148136390606
0.0327618677294615 18589.9990752365629305
0.0330005169899779 18469.0016961116270977
0.0332409046577796 18347.8373742923540703
0.0334830433960524 18226.5490645698628214
0.0337269459602252 18105.1788750265586714
0.0339726251986419 17983.7680633134586969
0.0342200940532385 17862.3570338270910725
0.0344693655602247 17740.9853357604915800
0.0347204528507706 17619.6916620010670158
0.0349733691516987 17498.5138488510274328
0.0352281277861800 17377.4888767386728432
0.0354847421744369 17256.6564856750301260
0.0357432258344489 17136.0682261216570623
0.0360035923826659 17015.7771559467546467
0.0362658555347245 16895.8349511837550381
0.0365300291061711 16776.2919146702406579
0.0367961270131896 16657.1969862127116357
0.0370641632733345 16538.5977542086147878
0.0373341520062687 16420.5404686579095141
0.0376061074345085 16303.0700554989289230
0.0378800438841717 16186.2301322017556231
0.0381559757857328 16070.0630245561642369
0.0384339176747832 15954.6097845896547369
0.0387138841927966 15839.9102095560010639
0.0389958900879006 15726.0027409588110459
0.0392799502156535 15612.9194612881256035
0.0395660795398267 15500.6844828516786947
0.0398542931331934 15389.3206063175075542
0.0401446061783219 15278.8498408504219697
0.0404370339683761 15169.2934203231852734
0.0407315919079209 15060.6718197992850037
0.0410282955137332 14953.0047722642539156
0.0413271604156202 14846.3112855839317490
0.0416282023572418 14740.6096596667812264
0.0419314371969407 14635.9175038111625327
0.0422368809085774 14532.2517542161403981
0.0425445495823717 14429.6286916394183208
0.0428544594257505 14328.0639591803792428
0.0431666267642013 14227.5749324921926018
0.0434810680421324 14128.2001870565527497
0.0437977998237391 14029.9889050130605028
0.0441168387938763 13932.9888418237605947
0.0444382017589373 13837.2462527538882568
0.0447619056477394 13742.8059436903149617
0.0450879675124154 13649.7113233369691443
0.0454164045293119 13558.0044566945944098
0.0457472339998944 13467.7261197411626199
0.0460804733516584 13378.9158552334829437
0.0464161401390475 13291.6120295588098088
0.0467542520443784 13205.8518905676282884
0.0470948268787720 13121.6716263307225745
0.0474378825830918 13039.1033041308728571
0.0477834372288892 12958.1310869026274304
0.0481315090193552 12878.7031661470336985
0.0484821162902794 12800.7680095973755670
0.0488352775110158 12724.2752877288148738
0.0491910112854561 12649.1758308637890877
0.0495493363530092 12575.4215881115978846
0.0499102715895887 12502.9655880718928529
0.0502738360086073 12431.7619012385257520
0.0506400487619780 12361.7656040402725921
0.0510089291411235 12292.9327444604878110
0.0513804965779920 12225.2203091785067954
0.0517547706460810 12158.5861136707644619
0.0521317710614686 12092.9877209436017438
0.0525115176838517 12028.3827205517918628
0.0528940305175927 11964.7295456310785084
0.0532793297127726 11901.9874664733670215
0.0536674355662531 11840.1165643530111993
0.0540583685227456 11779.0777066737136920
0.0544521491758880 11718.8325233949053654
0.0548487982693298 11659.3433846941534284
0.0552483366978247 11600.5733798278251925
0.0556507855083312 11542.4862971505845053
0.0560561659011217 11485.0460189218993037
0.0564644992308986 11428.2076359407492419
0.0568758070079202 11371.9194381665129185
0.0572901108991328 11316.1304689810276614
0.0577074327293130 11260.7907274146273267
0.0581277944822164 11205.8511485037670354
0.0585512183017367 11151.2635858093381103
0.0589777264930714 11096.9807960261769040
0.0594073415238973 11042.9564256188768923
0.0598400860255537 10989.1449994192807935
0.0602759827942349 10935.5015877783771430
0.0607150547921907 10881.9670131027141906
0.0611573251489365 10828.4620682615786791
0.0616028171624710 10774.9075321531927329
0.0620515543005044 10721.2257889061329479
0.0625035602016939 10667.3408340717451210
0.0629588586768892 10613.1782862773288798
0.0634174737103868 10558.6654041267302091
0.0638794294611937 10503.7311081339448720
0.0643447502642995 10448.3060074685836298
0.0648134606319588 10392.3190973443615803
0.0652855852549825 10335.6811365786761598
0.0657611490040378 10278.2977328735178162
0.0662401769309593 10220.0770275216200389
0.0667226942700678 10160.9297838851089182
0.0672087264395003 10100.7694702396584034
0.0676982990425484 10039.5123497105832939
0.0681914378690076 9977.0775767584782443
0.0686881688965354 9913.3872996443951706
0.0691885182920199 9848.3712280358722637
0.0696925124129584 9781.9814743472343253
0.0702001778088455 9714.1780427561061515
0.0707115412225721 9644.9235406786247040
0.0712266295918338 9574.1832545752604346
0.0717454700505503 9501.9252253993799968
0.0722680899302943 9428.1203231788404082
0.0727945167617318 9352.7423203262969764
0.0733247782760718 9275.7700197324084002
0.0738589024065277 9197.2135780868029542
0.0743969172897883 9117.1058248462140909
0.0749388512675004 9035.4813793465564231
0.0754847328877613 8952.3761372231983842
0.0760345909066232 8867.8272413188587961
0.0765884542896077 8781.8730506133124436
0.0771463522132315 8694.5531072009071067
0.0777083140665438 8605.9123795807026909
0.0782743694526741 8516.0344590455206344
0.0788445481903920 8425.0217704118767870
0.0794188803156774 8332.9752334875174711
0.0799973960833035 8239.9939707779740274
0.0805801259684298 8146.1752020527483182
0.0811671006682082 8051.6141474845990160
0.0817583511033994 7956.4041060066783757
0.0823539084200025 7860.6496034182337098
0.0829538039908948 7764.4750768261092162
0.0835580694174853 7668.0030841778980175
0.0841667365313790 7571.3518964260283610
0.0847798373960535 7474.6354481871667303
0.0853974043085489 7377.9633047778543187
0.0860194698011679 7281.4407046516898845
0.0866460666431910 7185.1776174687802268
0.0872772278426012 7089.2977891190175797
0.0879129866478241 6993.9214055938773527
0.0885533765494786 6899.1627464277325998
0.0891984312821413 6805.1302653802613349
0.0898481848261237 6711.9266888581578314
0.0905026714092622 6619.6500276190899967
0.0911619255087209 6528.4126948711545992
0.0918259818528084 6438.3400507868273053
0.0924948754228063 6349.5509031020437760
0.0931686414548129 6262.1568963261561294
0.0938473154415987 6176.2627840373179424
0.0945309331344765 6091.9667188950925265
0.0952195305451844 6009.3605580998446385
0.0959131439477831 5928.5306284894304554
0.0966118098805667 5849.5655512027351506
0.0973155651479872 5772.5550286962470636
0.0980244468225937 5697.5832613558850426
0.0987384922469850 5624.7291221343039069
0.0994577390357769 5554.0665767274185782
0.1001822250775837 5485.6651112425197425
0.1009119885370139 5419.5901655700308766
0.1016470678566809 5355.8906508252284766
0.1023875017592278 5294.5671793039155091
0.1031333292493676 5235.6101005885129780
0.1038845896159375 5179.0102313534134737
0.1046413224339689 5124.7589865621284844
0.1054035675667719 5072.8485092762275599
0.1061713651680355 5023.2717994539543724
0.1069447556839423 4976.0078968466714286
0.1077237798553001 4930.9596263443127100
0.1085084787196866 4888.0089498331990399
0.1092988936136128 4847.0427993601715571
0.1100950661746993 4807.9527317667043462
0.1108970383438704 4770.6345939345928855
0.1117048523675628 4734.9881775818066671
0.1125185507999520 4700.8957256981884711
0.1133381765051933 4668.1864214623428779
0.1141637726596796 4636.6851926685103535
0.1149953827543168 4606.2220326497872520
0.1158330505968138 4576.6316167760123790
0.1166768203139910 4547.7529796244061799
0.1175267363541040 4519.4277930803091294
0.1183828434891861 4491.4851923432879630
0.1192451868174057 4463.7481030265425943
0.1201138117654430 4436.0436028847607304
0.1209887640908821 4408.2030440518019532
0.1218700898846222 4380.0620721938657880
0.1227578355733049 4351.4611433572254100
0.1236520479217606 4322.2550284353901588
0.1245527740354712 4292.3125970171613517
0.1254600613630522 4261.5075113561006219
0.1263739576987518 4229.7180524552986753
0.1272945111849685 4196.8274036881039137
0.1282217703147881 4162.7260552025054494
0.1291557839345366 4127.3413110057372251
0.1300966012463552 4090.6292721627169158
0.1310442718107904 4052.5507657065609237
0.1319988455494062 4013.0708856757782996
0.1329603727474129 3972.1591758696354191
0.1339289040563167 3929.7999462641437276
0.1349044904965873 3886.0306702817879341
0.1358871834603463 3840.9056842029835934
0.1368770347140737 3794.4807546491720132
0.1378740964013355 3746.8129583460781760
0.1388784210455301 3697.9620539620404998
0.1398900615526549 3648.0233503077056412
0.1409090712140945 3597.1255737886258430
0.1419355037094265 3545.3956889575129026
0.1429694131092502 3492.9570238445103314
0.1440108538780344 3439.9292781664403265
0.1450598808769870 3386.4545507396937865
0.1461165493669446 3332.7178778062593665
0.1471809150112837 3278.9002999304757395
0.1482530338788528 3225.1731099375256235
0.1493329624469265 3171.6979734666874720
0.1504207576041794 3118.6495279994851444
0.1515164766536848 3066.2381431339526898
0.1526201773159314 3014.6659946392105667
0.1537319177318653 2964.1213517743462944
0.1548517564659518 2914.7791924867419766
0.1559797525092610 2866.8015114768086278
0.1571159652825757 2820.3379896339456536
0.1582604546395203 2775.5275075928402657
0.1594132808697153 2732.4991653678453076
0.1605745047019521 2691.3682610487176134
0.1617441873073928 2652.1837263729948972
0.1629223903027920 2614.9534291233539989
0.1641091757537433 2579.6842847116063240
0.1653046061779482 2546.3832602580064304
0.1665087445485100 2515.0282332769506866
0.1677216542972503 2485.5171629024034701
0.1689433993180515 2457.7397761486540730
0.1701740439702218 2431.5918712277011764
0.1714136530818857 2406.9706562342307734
0.1726622919533995 2383.7392374608780301
0.1739200263607903 2361.7452412227189598
0.1751869225592224 2340.8424334326300595
0.1764630472864855 2320.8897095652687312
0.1777484677665123 2301.7341955098049766
0.1790432517129185 2283.2095987778689050
0.1803474673325703 2265.1540977888680573
0.1816611833291772 2247.4107709419422463
0.1829844689069114 2229.8151971339007105
0.1843173937740531 2212.1886923248625862
0.1856600281466632 2194.3565264684057183
0.1870124427522811 2176.1498350755032334
0.1883747088336514 2157.4107481526502852
0.1897468981524767 2137.9956542985996748
0.1911290829931973 2117.7680103369189055
0.1925213361668000 2096.5991952677341033
0.1939237310146525 2074.4075182243109339
0.1953363414123680 2051.1665630780648826
0.1967592417736959 2026.8573276226334201
0.1981925070544425 2001.4698117119630751
0.1996362127564189 1975.0609515098651627
0.2010904349314191 1947.7335963805346637
0.2025552501852250 1919.5897768778552290
0.2040307356816438 1890.7389097982777457
0.2055169691465704 1861.3339802711996072
0.2070140288720843 1831.5356056931850617
0.2085219937205721 1801.4968234808109173
0.2100409431288824 1771.3752120215149262
0.2115709571125109 1741.3383472333223381
0.2131121162698146 1711.5449904986758156
0.2146645017862585 1682.1449989314253344
0.2162281954386912 1653.2876986028634292
0.2178032795996538 1625.1158188763852195
0.2193898372417185 1597.7616272954608121
0.2209879519418598 1571.3381541695221131
0.2225977078858568 1545.9384399157011103
0.2242191898727284 1521.6482384240337069
0.2258524833192000 1498.5327082316482574
0.2274976742642034 1476.6073149343067143
0.2291548493734088 1455.8779562226491180
0.2308240959437902 1436.3425260746334970
0.2325055019082250 1417.9465460973763129
0.2341991558401246 1400.6172984175179863
0.2359051469581016 1384.2830901774432277
0.2376235651306687 1368.8387080438008070
0.2393545008809738 1354.1590835447448171
0.2410980453915675 1340.1231447720485903
0.2428542905092076 1326.5920857145501941
0.2446233287496959 1313.4123658519574747
0.2464052533027539 1300.4355094354773428
0.2482001580369293 1287.5136049070888475
0.2500081375045434 1274.4994525149745641
0.2518292869466697 1261.2527590339182098
0.2536637022981528 1247.6611076745964510
0.2555114801926608 1233.6375244741225288
0.2573727179677763 1219.1038605608612215
0.2592475136701244 1204.0303029762196729
0.2611359660605367 1188.4216102460520688
0.2630381746192548 1172.2898226286229146
0.2649542395511695 1155.6881238491171189
0.2668842617911011 1138.6879511490319601
0.2688283430091147 1121.3637628052438231
0.2707865856158776 1103.8094364282751485
0.2727590927680525 1086.1203425475732729
0.2747459683737333 1068.3941414708099273
0.2767473170979169 1050.7374036197495570
0.2787632443680191 1033.2523825502419186
0.2807938563794260 1016.0442668694222448
0.2828392601010892 999.2193887281752041
0.2848995632811614 982.8751802554614869
0.2869748744526711 967.0927429010467904
0.2890653029392411 951.9442589275025739
0.2911709588608460 937.4754182283078308
0.2932919531396151 923.6960879029545595
0.2954283975056735 910.6069966703566934
0.2975804045030297 898.1671110772761040
0.2997480874955028 886.3190667491535351
0.3019315606726946 874.9947686545725674
0.3041309390560058 864.1072866995001505
0.3063463385046942 853.5708926507509204
0.3085778757219788 843.2979813910097846
0.3108256682611851 833.2028420768541537
0.3130898345319413 823.2041252249197214
0.3153704938064141 813.2247344848379953
0.3176677662255896 803.1935262562442404
0.3199817728056063 793.0494449100781367
0.3223126354441270 782.7384159093272729
0.3246604769267619 772.2287246490449206
0.3270254209335340 761.5009666239938042
0.3294075920453978 750.5606214367384155
0.3318071157508001 739.4368237487761917
0.3342241184522912 728.1721286396026471
0.3366587274731815 716.8328303486720188
0.3391110710642519 705.4874504919254150
0.3415812784105084 694.2105341566085599
0.3440694796379856 683.0731575482856215
0.3465758058206044 672.1351912106076725
0.3491003889870750 661.4489404921887399
0.3516433621278532 651.0520675060341773
0.3542048592021430 640.9728899322329880
0.3567850151449578 631.2286740965363379
0.3593839658742253 621.8282487684355146
0.3620018482979493 612.7690600069644233
0.3646388003214189 604.0384987554359668
0.3672949608544771 595.6109175736892212
0.3699704698188354 587.4480457235539461
0.3726654681554462 579.5025638183682304
0.3753800978319249 571.7184704367823542
0.3781145018500321 564.0408892454000807
0.3808688242532046 556.4169537706899291
0.3836432101341418 548.8047305796790170
0.3864378056424525 541.1729293494928470
0.3892527579923513 533.5039159198336165
0.3920882154704151 525.7911170089844290
0.3949443274433914 518.0392950186336520
0.3978212443660711 510.2606941140910521
0.4007191177892115 502.4758106676328566
0.4036381003675208 494.7093622004127269
0.4065783458676972 486.9916502245970378
0.4095400091765329 479.3542772214487400
0.4125232463090710 471.8299757623074697
0.4155282144168247 464.4486750039427534
0.4185550717960537 457.2360693131683433
0.4216039778961067 450.2095981932274640
0.4246750933278191 443.3783550718971469
0.4277685798719714 436.7389679547274000
0.4308846004878156 430.2799899081622357
0.4340233193216573 423.9809623005712638
0.4371849017155034 417.8193899910002642
0.4403695142157694 411.7724254539650701
0.4435773245820576 405.8194654529858667
0.4468085017959904 399.9416409072642296
0.4500632160701146 394.1203523938100943
0.4533416388568638 388.3379772100007585
0.4566439428575957 382.5787698792378251
0.4599703020316859 376.8347597597242498
0.4633208916056939 371.1062159774038491
0.4666958880825898 365.4051085269136934
0.4700954692510579 359.7484892703354262
0.4735198141948591 354.1554606573647561
0.4769691033022628 348.6407611641561175
0.4804435182755538 343.2149740152034951
0.4839432421406012 337.8847664915837186
0.4874684592565013 332.6559928214423962
0.4910193553252862 327.5338022716886144
0.4945961174017109 322.5219201277412822
0.4981989339031042 317.6187892422242385
0.5018279946192949 312.8172455267828695
0.5054834907226073 308.1043642847290016
0.5091656147779365 303.4655610458019623
0.5128745607528894 298.8878097898917758
0.5166105240280003 294.3619151632470334
0.5203737014070289 289.8832251785912035
0.5241642911273229 285.4496481685928870
0.5279824928702639 281.0602727291914675
0.5318285077717813 276.7143427979059993
0.5357025384329546 272.4129070573563354
0.5396047889306811 268.1599908473718870
0.5435354648284293 263.9631386646408941
0.5474947731870627 259.8310564690256683
0.5514829225757544 255.7702704365137834
0.5555001230829688 251.7831681241815716
0.5595465863275321 247.8676032214236500
0.5636225254697750 244.0199570074489088
0.5677281552227683 240.2358518960314484
0.5718636918636297 236.5147604164232575
0.5760293532449149 232.8608924953319672
0.5802253588060988 229.2580578764503230
0.5844519295851321 225.6981986117176291
0.5887092882300863 222.1819237571389465
0.5929976590108784 218.7098789086618638
0.5973172678310922 215.2826477129436284
0.6016683422398730 211.9007594279693194
0.6060511114439175 208.5650777687155255
0.6104658063195434 205.2770249553199449
0.6149126594248580 202.0379638441382042
0.6193919050120046 198.8491395967446635
0.6239037790395046 195.7116843525477350
0.6284485191846834 192.6262357167402683
0.6330263648561966 189.5913324143281500
0.6376375572066392 186.6049071220511166
0.6422823391452451 183.6649833228854334
0.6469609553506902 180.7696724712475884
0.6516736522839770 177.9171963436195085
0.6564206782014196 175.1064258092338548
0.6612022831677177 172.3368291132135255
0.6660187190691355 169.6079030325895189
0.6708702396267668 166.9191479011427361
0.6757571004099023 164.2700676532608384
0.6806795588494881 161.6601698654799577
0.6856378742516935 159.0889657957305587
0.6906323078115680 156.5559704203584204
0.6956631226267960 154.0607024689442142
0.7007305837115639 151.6026844569888681
0.7058349580105162 149.1814427164877941
0.7109765144128194 146.7965074244671939
0.7161555237663219 144.4474126294997234
0.7213722588918294 142.1336962762588598
0.7266269945974716 139.8549002281606590
0.7319200076931807 137.6105702881222328
0.7372515770052686 135.4002562174937907
0.7426219833911225 133.2235117532011941
0.7480315097539948 131.0798946231383866
0.7534804410579087 128.9689665598679085
0.7589690643426635 126.8902933126478700
0.7644976687389650 124.8434446578470443
0.7700665454836502 122.8279944077773393
0.7756759879350270 120.8435204179964018
0.7813262915883348 118.8896045930978573
0.7870177540913056 116.9658328910580565
0.7927506752598462 115.0717953261578543
0.7985253570938262 113.2070859705234938
0.8043421037929958 111.3713029543268931
0.8102012217730041 109.5640484473416763
0.8161030196815441 107.7849209947676172
0.8220478084146051 106.0335042444200866
0.8280359011328597 104.3093845995974647
0.8340676132781544 102.6121543787396320
0.8401432625901287 100.9414117342534780
0.8462631691229484 99.2967605724127225
0.8524276552621736 97.6778104743082451
0.8586370457417368 96.0841766178570964
0.8648916676610457 94.5154797008333105
0.8711918505022220 92.9713458649213464
0.8775379261474527 91.4514066207775755
0.8839302288964759 89.9552987740782157
0.8903690954841849 88.4826643525571939
0.8968548650983760 87.0331505340011660
0.9033878793976102 85.6064095752070244
0.9099684825292147 84.2020987418792828
0.9165970211474044 82.8198802394608435
0.9232738444315539 81.4594211448773109
0.9299993041045844 80.1203933391944076
0.9367737544514958 78.8024734411655743
0.9435975523380219 77.5053427416687555
0.9504710572294411 76.2286871390112992
0.9573946312095061 74.9721970750951385
0.9643686389995133 73.7355674724394703
0.9713934479775255 72.5184976720318133
0.9784694281977182 71.3206913720176061
0.9855969524098768 70.1418565672006622
0.9927763960790251 68.9817054893556048
1.0000081374052154 67.8399545483303115
1.0072925573434428 66.7163242739429023
1.0146300396237189 65.6105396463635486
1.0220209707712768 64.5223324772768621
1.0294657401269447 63.4514395842451506
1.0369647398676498 62.3976013963943856
1.0445183650270720 61.3605619051444293
1.0521270135164640 60.3400686218976574
1.0597910861456066 59.3358725361095551
1.0675109866439247 58.3477280737243191
1.0752871216817488 57.3753930559878143
1.0831199008917483 56.4186286586254369
1.0910097368905025 55.4771993713963809
1.0989570453002411 54.5508729580100109
1.1069622447707297 53.6394204164177637
1.1150257570013364 52.7426159394647343
1.1231480067632365 51.8602368759126477
1.1313294219217949 50.9920636918239794
1.1395704334590950 50.1378799323149309
1.1478714754966564 49.2974721836621654
1.1562329853182951 48.4706300357802959
1.1646554033931555 47.6571460450534587
1.1731391733989225 46.8568156975249579
1.1816847422451888 46.0694373724479931
1.1902925600969994 45.2948123061882768
1.1989630803985565 44.5327445564837987
1.2076967598971216 43.7830409670535659
1.2164940586670638 43.0455111325605628
1.2253554401341040 42.3199673639230269
1.2342813710997154 41.6062246539736478
1.2432723217657280 40.9041006434635506
1.2523287657590900 40.2134155874128041
1.2614511801568211 39.5339923090071963
1.2706400455111353 38.8656557962139431
1.2798958458747689 38.2082331411950094
1.2892190688264729 37.5615539504455356
1.2986102054966908 36.9254503363133324
1.3080697505934451 36.2997568831066957
1.3175982024283868 35.6843106136056676
1.3271960629430508 35.0789509559724451
1.3368638377352893 34.4835197110588823
1.3466020360859174 33.8978610201021340
1.3564111709855342 33.3218213328125756
1.3662917591615484 32.7552493758424532
1.3762443211053912 32.1979961216382975
1.3862693810999482 31.6499147576673323
1.3963674672471706 31.1108606560191632
1.4065391114958872 30.5806913433772962
1.4167848496698414 30.0592664713548565
1.4271052214959075 29.5464477871955467
1.4375007706325278 29.0420991048300152
1.4479720446983406 28.5460862762914971
1.4585195953010441 28.0582771634801560
1.4691439780664428 27.5785416102768117
1.4798457526677229 27.1067514150019910
1.4906254828549244 26.6427803032156945
1.5014837364846529 26.1865039008550831
1.5124210855499849 25.7377997077062481
1.5234381062106024 25.2965470712074385
1.5345353788231344 24.8626271605806295
1.5457134879717453 24.4359229412854475
1.5569730224989218 24.0163191497951907
1.5683145755364825 23.6037022686883908
1.5797387445368409 23.1979604978535185
1.5912461313044663 22.7989837220569243
1.6028373420275923 22.4066634981032848
1.6145129873101369 22.0208930336502071
1.6262736822038861 21.6415671637870197
1.6381200462408823 21.2685823279124904
1.6500527034660653 20.9018365469105767
1.6620722824701348 20.5412294006174889
1.6741794164226806 20.1866620055799793
1.6863747431055254 19.8380369931013050
1.6986589049463270 19.4952584875690356
1.7110325490524094 19.1582320850654249
1.7234963272448696 18.8268648322545467
1.7360508960929031 18.5010652055438207
1.7486969169483837 18.1807430905179395
1.7614350559807206 17.8658097616403175
1.7742659842119370 17.5561778622204159
1.7871903775520268 17.2517613846441868
1.8002089168345459 16.9524756508633310
1.8133222878524966 16.6582372931413580
1.8265311813944425 16.3689642350541682
1.8398362932809029 16.0845756727404989
1.8532383244009947 15.8049920564013711
1.8667379807493749 15.5301350720440450
1.8803359734634153 15.2599276234691050
1.8940330188606735 14.9942938144965616
1.9078298384766113 14.7331589314293048
1.9217271591026264 14.4764494257506815
1.9357257128243266 14.2240928970532536
1.9498262370600843 13.9760180761966666
1.9640294745999047 13.7321548063662533
1.9783361736445395 13.4924340083799255
1.9927470878449074 13.2567876758457075
2.0072629763417833 13.0251488707057099
2.0218846038058054 12.7974517075068359
2.0366127404777474 12.5736313377812632
2.0514481622090970 12.3536239346394954
2.0663916505029141 12.1373666775755495
2.0814439925550174 11.9247977374800307
2.0966059812954465 11.7158562618601092
2.1118784154302168 11.5104823602626603
2.1272620994834184 11.3086170898984992
2.1427578438395805 11.1102024414654643
2.1583664647863690 10.9151813251677670
2.1740887845575734 10.7234975569292015
2.1899256313764415 10.5350958447971781
2.2058778394992942 10.3499217755365471
2.2219462492594797 10.1679218014100563
2.2381317071116262 9.9890432271427603
2.2544350656762542 9.8132341970686152
2.2708571837846758 9.6404436824574660
2.2873989265242449 9.4706214690188233
2.3040611652839091 9.3037181445815786
2.3208447778001431 9.1396850869464838
2.3377506482031682 8.9784744519097668
2.3547796670635166 8.8200391614557248
2.3719327314389713 8.6643328921154374
2.3892107449218027 8.5113100634906527
2.4066146176863779 8.3609258269397966
2.4241452665370891 8.2131360544245631
2.4418036149566751 8.0678973272028482
2.4595905931548523 7.9251669121783559
2.4775071381173244 7.7849027477763180
2.4955541936551233 7.6470634508997550
2.5137327104543550 7.5116083077665534
2.5320436461262594 7.3784972635825934
2.5504879652576697 7.2476909123639333
2.5690666394618016 7.1191504869068778
2.5877806474294665 6.9928378489037586
2.6066309749806118 6.8687154792025398
2.6256186151162404 6.7467464682085749
2.6447445680707449 6.6268945064256801
2.6640098413645830 6.5091238751361837
2.6834154498573586 6.3933994372165310
2.7029624158012644 6.2796866280878945
2.7226517688949627 6.1679514467988295
2.7424845463378049 6.0581604472394037
2.7624617928844835 5.9502807294837323
2.7825845609000455 5.8442799312606120
2.8028539104153594 5.7401262195489702
2.8232709091829404 5.6377882822976702
2.8438366327331845 5.5372353202675368
2.8645521644310525 5.4384370389937953
2.8854185955331215 5.3413636408674110
2.9064370252450811 5.2459858173337084
2.9276085607796154 5.1522747412068943
2.9489343174147606 5.0602020590984322
2.9704154185526352 4.9697398839578399
2.9920529957786304 4.8808607877248855
3.0138481889209952 4.7935377940909474
3.0358021461109166 4.7077443713681753
3.0579160238429766 4.6234544239665549
3.0801909870360880 4.5406422817052210
3.1026282090948345 4.4592826975484474
3.1252288719713199 4.3793508421615810
3.1479941662274133 4.3008222972738528
3.1709252910974493 4.2236730491409542
3.1940234545514339 4.1478794821063945
3.2172898733586570 4.0734183722604014
3.2407257731518007 4.0002668811944302
3.2643323884914803 3.9284025498506310
3.2881109629313143 3.8578032924641810
3.3120627490834056 3.7884473905979559
3.3361890086843453 3.7203134872674122
3.3604910126616465 3.6533805811553206
3.3849700412007393 3.5876280209139768
3.4096273838123765 3.5230354995548110
3.4344643394005798 3.4595830489231569
3.4594822163310384 3.3972510342577018
3.4846823325000678 3.3360201488327212
3.5100660154040124 3.2758714086827729
3.5356346022091647 3.2167861474077144
3.5613894398222343 3.1587460110576364
3.5873318849612801 3.1017329530962030
3.6134633042271904 3.0457292294413674
3.6397850741756486 2.9907173935823050
3.6662985813896842 2.9366802917715429
3.6930052225526935 2.8836010582911022
3.7199064045220229 2.8314631107916495
3.7470035444030563 2.7802501457036870
3.7742980696239030 2.7299461337193880
3.8017914180105752 2.6805353149939743
3.8294850378627068 2.6320021912900304
3.8573803880298905 2.5843315234237374
3.8854789379884958 2.5375083295154734
3.9137821679190981 2.4915178808288658
3.9422915687844204 2.4463456976370916
3.9710086424079152 2.4019775451535903
3.9999349015528534 2.3583994295266417
4.0290718700020252 2.3155975938966771
4.0584210826379836 2.2735585145155492
4.0879840855239404 2.2322688969264957
4.1177624359851839 2.1917156722043121
4.1477577026911261 2.1518859932546102
4.1779714657379134 2.1127672311713210
4.2084053167317022 2.0743469716514982
4.2390608588724845 2.0366130114667444
4.2699397070385148 1.9995533549903097
4.3010434878714277 1.9631562107789311
4.3323738398618916 1.9274099882087885
4.3639324134359434 1.8923032941646520
4.3957208710418927 1.8578249297814602
4.4277408872379462 1.8239638872374269
4.4599941487803889 1.7907093465981365
4.4924823547124548 1.7580506727106036
4.5252072164537971 1.7259774121467821
4.5581704578906912 1.6944792901954988
4.5913738154668149 1.6635462079024039
4.6248190382747350 1.6331682391568951
4.6585078881480140 1.6033356278256523
4.6924421397540739 1.5740387849316377
4.7266235806876509 1.5452682858653592
4.7610540115649398 1.5170148668506365
4.7957352461185030 1.4892694218591018
4.8306691112927727 1.4620230012185225
4.8658574473403124 1.4352668091228498
4.9013021079187258 1.4089922010644489
4.9370049601883492 1.3831906813076265
4.9729678849105818 1.3578539004028474
5.0091927765469766 1.3329736527409994
5.0456815433589988 1.3085418741470751
5.0824361075086077 1.2845506395126605
5.1194584051594729 1.2609921604667063
5.1567503865789890 1.2378587830839030
5.1943140162409707 1.2151429856300999
5.2321512729292019 1.1928373763442224
5.2702641498416352 1.1709346912560965
5.3086546546953732 1.1494277920396712
5.3473248098324779 1.1283096639009853
5.3862766523264742 1.1075734135004771
5.4255122340896733 1.0872122669089888
5.4650336219812248 1.0672195675970497
5.5048428979160597 1.0475887744567516
5.5449421589745134 1.0283134598559354
5.5853335175128231 1.0093873077239850
5.6260191012743634 0.9908041116688827
5.6670010535017834 0.9725577731248759
5.7082815330498882 0.9546422995304823
5.7498627144993302 0.9370518025362207
5.7917467882712197 0.9197804962415542
5.8339359607424761 0.9028226954607803
5.8764324543620727 0.8861728140172190
5.9192385077680729 0.8698253628002437
5.9623563759056166 0.8537749472632844
6.0057883301456707 0.8380162667155887
6.0495366584046941 0.8225441130476763
6.0936036652651246 0.8073533691554229
6.1379916720968399 0.7924390073900782
6.1827030171794037 0.7777960880339285
6.2277400558252625 0.7634197578011116
6.2731051605037749 0.7493052483632524
6.3188007209662551 0.7354478748994429
6.3648291443718268 0.7218430346702475
6.4111928554141961 0.7084862056153525
6.4578942964494468 0.6953729449743999
6.5049359276246541 0.6824988879307373
6.5523202270075025 0.6698597462776613
6.6000496907167809 0.6574513071068127
6.6481268330539418 0.6452694315183284
6.6965541866355052 0.6333100533524876
6.7453343025264978 0.6215691779424264
6.7944697503747813 0.6100428808876157
6.8439631185465029 0.5987273068477695
6.8938170142623862 0.5876186683568430
6.9440340637351028 0.5767132446568353
6.9946169123075705 0.5660073805510180
7.0455682245923716 0.5554974852763208
7.0968906846120943 0.5451800313945533
7.1485869959406703 0.5350515537021739
7.2006598818458807 0.5251086481582662
7.2531120854327593 0.5153479708304640
7.3059463697881162 0.5057662368585473
7.3591655181260460 0.4963602194025792
7.4127723339346181 0.4871267482266214
7.4667696411235029 0.4780627088722681
7.5211602841727654 0.4691650420293628
7.5759471282826478 0.4604307425888319
7.6311330595245837 0.4518568587037029
7.6867209849931903 0.4434404908659774
7.7427138329593728 0.4351787909990608
7.7991145530246593 0.4270689615655245
7.8559261162765210 0.4191082546899521
7.9131515154449215 0.4112939712965974
7.9707937650599012 0.4036234602616483
8.0288559016104681 0.3960941175798166
8.0873409837045038 0.3887033855450445
8.1462520922298989 0.3814487519451006
8.2055923305168008 0.3743277492698209
8.2653648245011802 0.3673379539327636
8.3255727228894347 0.3604769855060991
8.3862191973242908 0.3537425059684576
8.4473074425518213 0.3471322189655824
8.5088406765898235 0.3406438690835228
8.5708221408973024 0.3342752411341943
8.6332551005451634 0.3280241594531112
8.6961428443883246 0.3218884872090339
8.7594886852388854 0.3158661257254103
8.8232959600406833 0.3099550138133551
8.8875680300450082 0.3041531271160199
8.9523082809877668 0.2984584774641204
9.0175201232677669 0.2928691122424888
9.0832069921264136 0.2873831137674209
9.1493723478285958 0.2819985986738314
9.2160196758450716 0.2767137172273074
9.2831524870360074 0.2715266526667739
9.3507743178359561 0.2664356207777814
9.4188887304400897 0.2614388693389219
9.4874993129919414 0.2565346775595306
9.5566096797723787 0.2517213555270464
9.6262234713899399 0.2469972436638685
9.6963443549727231 0.2423607121935238
9.7669760243614903 0.2378101606160382
9.8381222003042943 0.2333440171923100
9.9097866306524001 0.2289607384373706
9.9819730905578279 0.2246588086223540
10.0546853826721545 0.2204367392850576
10.1279273373468506 0.2162930687489274
10.2017028128350002 0.2122263616503430
10.2760156954946478 0.2082352084740481
10.3508698999934552 0.2043182250966014
10.4262693695149480 0.2004740523377156
10.5022180759661730 0.1967013555193335
10.5787200201870348 0.1929988240323321
10.6557792321609970 0.1893651709107127
10.7333997712273224 0.1857991324131655
10.8115857262950197 0.1822994676118597
10.8903412160581645 0.1788649579883667
10.9696703892129115 0.1754944070365716
11.0495774246759506 0.1721866398724775
11.1300665318047685 0.1689405028507596
11.2111419506193108 0.1657548631879814
11.2928079520253757 0.1626286085923490
11.3750688380395211 0.1595606468998822
11.4579289420158048 0.1565499056833846
11.5413926288739983 0.1535953317652672
11.6254642953294631 0.1506958910022491
11.7101483701248803 0.1478505680045025
11.7954493142634735 0.1450583658015269
11.8813716212440390 0.1423183055138085
11.9679198172975774 0.1396294260302356
12.0550984616258532 0.1369907836911300
12.1429121466414784 0.1344014519768341
12.2313654982098754 0.1318605212017372
12.3204631758928773 0.1293670982136605
12.4102098731943062 0.1269203060984948
12.5006103178071424 0.1245192838900221
12.5916692718626031 0.1221631862848097
12.6833915321809254 0.1198511833621099
12.7757819305241807 0.1175824603086597
12.8688453338507376 0.1153562171483205
12.9625866445715765 0.1131716684764493
13.0570108008086727 0.1110280431989410
13.1521227766550464 0.1089245842758472
13.2479275824368266 0.1068605484695068
13.3444302649770936 0.1048352060970939
13.4416359078618726 0.1028478407875244
13.5395496317078514 0.1008977492426323
13.6381765944321476 0.0989842410025523
13.7375219915239430 0.0971066382152332
13.8375910563183115 0.0952642754100033
13.9383890602717919 0.0934564992751333
14.0399213132401464 0.0916826684393165
14.1421931637579696 0.0899421532569991
14.2452099993205774 0.0882343355951265
14.3489772466677543 0.0865586085871699
14.4535003720695272 0.0849143764392560
14.5587848816142920 0.0833010542665062
14.6648363214987487 0.0817180678975824
14.7716602783201179 0.0801648536815113
14.8792623793703402 0.0786408582979293
14.9876482929326453 0.0771455385706889
15.0968237285800662 0.0756783612847661
15.2067944374762476 0.0742388030064178
15.3175662126783063 0.0728263499065239
15.4291448894421546 0.0714404975870661
15.5415363455298134 0.0700807509106846
15.6547465015189644 0.0687466238332636
15.7687813211149930 0.0674376392394855
15.8836468114650327 0.0661533287813102
15.9993490234744780 0.0648932327193251
16.1158940521256113 0.0636568997669140
16.2332880367988537 0.0624438869371975
16.3515371615960561 0.0612537593926997
16.4706476556663297 0.0600860902976865
16.5906257935340626 0.0589404606731374
16.7114778954296277 0.0578164592542962
16.8332103276222149 0.0567136823507633
16.9558295027552397 0.0556317337090795
17.0793418801840318 0.0545702243777632
17.2037539663162882 0.0535287725747494
17.3290723149547290 0.0525070035572010
17.4553035276422470 0.0515045494936387
17.5824542540098321 0.0505210493383560
17.7105311921267692 0.0495561487079697
17.8395410888535224 0.0486094997390379
17.9694907401970276 0.0476807609459677
18.1003869916688735 0.0467695971477063
18.2322367386458026 0.0458756793592295
18.3650469267329939 0.0449986846785887
18.4988245521298253 0.0441382961759803
18.6335766619986103 0.0432942027848104
18.7693103548357030 0.0424660991947129
18.9060327808455000 0.0416536857464903
19.0437511423169603 0.0408566683289441
19.1824726940032200 0.0400747582775553
19.3222047435036473 0.0393076722749908
19.4629546516487046 0.0385551322533983
19.6047298328878910 0.0378168652984563
19.7475377556802059 0.0370926035551549
19.8913859428876307 0.0363820841352706
20.0362819721712775 0.0356850490265078
20.1822334763907776 0.0350012450032767
20.3292481440062396 0.0343304235390805
20.4773337194833154 0.0336723407204791
20.6264980037010339 0.0330267571626086
20.7767488543629497 0.0323934379262192
20.9280941864109202 0.0317721524362140
21.0805419724421448 0.0311626744016571
21.2341002431289709 0.0305647817372256
21.3887770876421790 0.0299782564860788
21.5445806540769880 0.0294028847441241
21.7015191498821629 0.0288384565856489
21.8596008422926040 0.0282847659902973
22.0188340587646891 0.0277416107713675
22.1792271874150373 0.0272087925020506
22.3407886774622106 0.0266861164292475
22.5035270396720470 0.0261733914200839
22.6674508468058278 0.0256704299036031
22.8325687340719767 0.0251770478052277
22.9988893995807508 0.0246930644823915
23.1664216048027072 0.0242183026613412
23.3351741750301152 0.0237525883750845
23.5051559998417261 0.0232957509024674
23.6763760335713265 0.0228476227083566
23.8488432957792469 0.0224080393849101
24.0225668717275944 0.0219768395939154
24.1975559128586752 0.0215538650101767
24.3738196372773288 0.0211389602659311
24.5513673302363493 0.0207319728962771
24.7302083446257122 0.0203327532855958
24.9103521014650759 0.0199411546149487
25.0918080904003453 0.0195570328104316
25.2745858702033779 0.0191802464924713
25.4586950692756204 0.0188106569260447
25.6441453861551310 0.0184481279718066
25.8309465900277537 0.0180925260381076
26.0191085212416056 0.0177437200338871
26.2086410918253172 0.0174015813224266
26.3995542860104351 0.0170659836759460
26.5918581607572158 0.0167368032310285
26.7855628462844848 0.0164139184448604
26.9806785466030910 0.0160972100522691
27.1772155400537159 0.0157865610235463
27.3751841798481479 0.0154818565230421
27.5745948946147408 0.0151829838679661
27.7754581889475993 0.0148898324765997
27.9777846439602271 0.0146022938302733
28.1815849178427129 0.0143202614475615
28.3868697464233151 0.0140436308470037
28.5936499437337766 0.0137722995099489
28.8019364025792868 0.0135061668440832
29.0117400951121880 0.0132451341476258
29.2230720734097531 0.0129891045741842
29.4359434700567455 0.0127379830982530
29.6503654987316345 0.0124916764813488
29.8663494547974082 0.0122500932387658
30.0839067158964184 0.0120131436069433
30.3030487425499970 0.0117807395114333
30.5237870787620196 0.0115527945354567
30.7461333526270941 0.0113292238890388
30.9700992769428893 0.0111099443787120
31.1956966498275001 0.0108948743777763
31.4229373553407569 0.0106839337971078
31.6518333641100966 0.0104770440565041
31.8823967339615066 0.0102741280565577
32.1146396105544625 0.0100751101510479
32.3485742280218602 0.0098799161198409
32.5842129096142585 0.0096884731422899
32.8215680683493929 0.0095007097711253
33.0606522076658536 0.0093165559068267
33.3014779220818085 0.0091359427724670
33.5440578978583090 0.0089588028890216
33.7884049136678399 0.0087850700511322
34.0345318412673237 0.0086146793033187
34.2824516461762414 0.0084475669166210
34.5321773883594076 0.0082836703615418
34.7837222229153369 0.0081229282794206
35.0370994007690015 0.0079652804700931
35.2923222693697198 0.0078106678719664
35.5494042733946287 0.0076590325406905
35.8083589554566757 0.0075103176282243
36.0691999568181458 0.0073644673622904
36.3319410181090277 0.0072214270262110
36.5965959800511769 0.0070811429391176
36.8631787841872196 0.0069435624365282
37.1317034736150617 0.0068086338512855
37.4021841937273862 0.0066763064948482
37.6746351929572540 0.0065465306389301
37.9490708235283449 0.0064192574974805
38.2255055422112164 0.0062944392089987
38.5039539110845155 0.0061720288191779
38.7844305983025563 0.0060519802638711
39.0669503788677659 0.0059342483523739
39.3515281354088131 0.0058187887510180
39.6381788589650128 0.0057055579670697
39.9269176497757456 0.0055945133329284
40.2177597180760458 0.0054856129906184
40.5107203848975814 0.0053788158765698
40.8058150828761583 0.0052740817066823
41.1030593570643816 0.0051713709616670
41.4024688657507056 0.0050706448726618
41.7040593812839901 0.0049718654071136
42.0078467909047859 0.0048749952549244
42.3138470975819700 0.0047799978148550
42.6220764208558762 0.0046868371811821
42.9325509976871800 0.0045954781295000
43.2452871833126338 0.0045058860968518
43.5603014521064580 0.0044180271742760
43.8776103984479064 0.0043318680983532
44.1972307375959232 0.0042473762390346
44.5191793065693489 0.0041645195876779
44.8434730650340043 0.0040832667453081
45.1701290961958151 0.0040035869110977
45.4991646077011680 0.0039254498710634
45.8305969325430738 0.0038488259869741
46.1644435299743989 0.0037736861854669
46.5007219864272514 0.0037000019473680
46.8394500164399261 0.0036277452972129
47.1806454635897623 0.0035568887929632
47.5243263014329358 0.0034874055159175
47.8705106344517262 0.0034192690608100
48.2192166990079158 0.0033524535260959
48.5704628643035861 0.0032869335044191
48.9242676333484852 0.0032226840732583
49.2806496439351989 0.0031596807857493
49.6396276696206300 0.0030978996616792
50.0012206207151237 0.0030373171786499
50.3654475452783004 0.0029779102634080
50.7323276301229598 0.0029196562833364
51.1018802018254945 0.0028625330381073
51.4741247277441332 0.0028065187514907
51.8490808170440900 0.0027515920633179
52.2267682217310707 0.0026977320215953
52.6072068376915567 0.0026449180747669
52.9904167057405147 0.0025931300641223
53.3764180126777532 0.0025423482162111
53.7652310923508878 0.0024925531315174
54.1568764267267184 0.0024437257769890
54.5513746469698191 0.0023958474838797
54.9487465345298531 0.0023488999410998
55.3490130222359937 0.0023028651884077
55.7521951953997643 0.0022577256097310
56.1583142929254251 0.0022134639266134
56.5673917084293549 0.0021700631917861
56.9794489913666879 0.0021275067828605
57.3945078481666044 0.0020857783961406
57.8125901433754947 0.0020448620405528
58.2337179008092747 0.0020047420316895
58.6579133047132544 0.0019654029859670
59.0851987009305191 0.0019268298148931
59.5155965980796182 0.0018890077194434
59.9491296687399071 0.0018519221845443
60.3858207506460900 0.0018155589736606
60.8256928478908279 0.0017799041234853
61.2687691321372299 0.0017449439387305
61.7150729438390755 0.0017106649870162
62.1646277934704727 0.0016770540938573
62.6174573627640143 0.0016440983377442
63.0735855059589170 0.0016117850453176
63.5330362510572471 0.0015801017866343
63.9958338010893826 0.0015490363705233
64.4620025353896438 0.0015185768400292
64.9315670108801015 0.0014887114679424
65.4045519633644119 0.0014594287524146
65.8809823088303972 0.0014307174126566
66.3608831447632923 0.0014025663847170
66.8442797514673259 0.0013749648157565
67.3311975933977038 0.0013479020568767
67.8216623205015594 0.0013213676634181
68.3156997695698465 0.0012953513920108
68.8133359655978722 0.0012698431967133
69.3145971231566023 0.0012448332252244
69.8195096477729180 0.0012203118151680
70.3281001373215133 0.0011962694904487
70.8403953834256015 0.0011726969576772
71.3564223728678400 0.0011495851026642
71.8762082890127090 0.0011269249869811
72.3997805132380421 0.0011047078445866
72.9271666263775984 0.0010829250785177
73.4583944101734829 0.0010615682576446
73.9934918487404332 0.0010406291134865
74.5324871300394705 0.0010200995370898
75.0754086473629627 0.0009999715759646
75.6222850008299048 0.0009802374310807
76.1731449988932496 0.0009608894539211
76.7280176598570023 0.0009419201435911
77.2869322134050662 0.0009233221439835
77.8499181021405207 0.0009050882409979
78.4170049831373888 0.0008872113598127
78.9882227295025103 0.0008696845622100
79.5636014319488112 0.0008525010439514
80.1431714003811919 0.0008356541322036
80.7269631654927622 0.0008191372830143
81.3150074803733105 0.0008029440788351
81.9073353221287874 0.0007870682260932
82.5039778935140333 0.0007715035528081
83.1049666245757805 0.0007562440058282
83.7103331743088148 0.0007412836451327
84.3201094323229086 0.0007266166437075
84.9343275205237660 0.0007122372875126
85.5530197948046265 0.0006981399733164
86.1762188467502597 0.0006843192065512
86.8039575053547594 0.0006707695992097
87.4362688387502658 0.0006574858677832
88.0731861559493439 0.0006444628312387
88.7147430085988873 0.0006316954090357
89.3609731927485882 0.0006191786191814
90.0119107506305767 0.0006069075763236
90.6675899724530865 0.0005948774898801
91.3280453982060294 0.0005830836622047
91.9933118194816188 0.0005715214867886
92.6634242813063906 0.0005601864464969
93.3384180839876478 0.0005490741118382
94.0183287849723826 0.0005381801392692
94.7031922007213325 0.0005275002695311
95.3930444085952729 0.0005170303260181
96.0879217487549795 0.0005067662131782
96.7878608260765532 0.0004967039149444
97.4928985120790657 0.0004868394931963
98.2030719468672260 0.0004771690862519
98.9184185410870640 0.0004676889073878
99.6389759778978430 0.0004583952433887
100.3647822149563638 0.0004492844531249
101.0958754864168299 0.0004403529661567
101.8322943049443268 0.0004315972813668
102.5740774637445583 0.0004230139656180
103.3212640386068273 0.0004145996524095
104.0738933899627057 0.0004063510393814
104.8320051649588009 0.0003982648867224
105.5956392995463915 0.0003903380175989
106.3648360205846899 0.0003825673170549
107.1396358479591555 0.0003749497308069
107.9200795967174571 0.0003674822640629
108.7062083792184239 0.0003601619803643
109.4980636072984481 0.0003529860004506
110.2956869944520548 0.0003459515011459
111.0991205580304637 0.0003390557142677
111.9084066214542901 0.0003322959255562
112.7235878164433984 0.0003256694736254
113.5447070852618054 0.0003191737489338
114.3718076829811565 0.0003128061927759
115.2049331797584415 0.0003065642962927
116.0441274631315025 0.0003004455995023
116.8894347403303016 0.0002944476903485
117.7408995406068186 0.0002885682037688
118.5985667175801126 0.0002828048207797
119.4624814515985776 0.0002771552675809
120.3326892521212699 0.0002716173146758
121.2092359601141993 0.0002661887760101
122.0921677504658334 0.0002608675081266
122.9815311344185034 0.0002556514093367
123.8773729620198480 0.0002505384189080
124.7797404245899315 0.0002455265162679
125.6886810572076598 0.0002406137202221
126.6042427412138807 0.0002357980881894
127.5264737067350893 0.0002310777154501
128.4554225352234766 0.0002264507344103
129.3911381620152667 0.0002219153128601
130.3336698789100865 0.0002174696506727
131.2830673367665781 0.0002131119822599
132.2393805481183051 0.0002088405767763
133.2026598898075349 0.0002046537374318
134.1729561056403099 0.0002005498008161
135.1503203090585714 0.0001965271362376
136.1348039858333721 0.0001925841450763
137.1264589967757956 0.0001887192601480
138.1253375804706423 0.0001849309450827
139.1314923560271382 0.0001812176937148
140.1449763258512178 0.0001775780294855
141.1658428784368766 0.0001740105048576
142.1941457911797499 0.0001705137007414
143.2299392332095636 0.0001670862259327
144.2732777682426502 0.0001637267165615
145.3242163574579138 0.0001604338355521
146.3828103623910977 0.0001572062720939
147.4491155478515623 0.0001540427411228
148.5231880848588730 0.0001509419828126
149.6050845536033762 0.0001479027620773
150.6948619464255898 0.0001449238680825
151.7925776708192132 0.0001420041137671
152.8982895524538321 0.0001391423353747
154.0120558382230058 0.0001363373919934
155.1339351993114235 0.0001335881651060
156.2639867342859930 0.0001308935581483
157.4022699722081882 0.0001282524960763
158.5488448757714082 0.0001256639249428
159.7037718444589700 0.0001231268114809
160.8671117177249528 0.0001206401428752
162.0389257782007633 0.0001182029281449
163.2192757549223927 0.0001158141968471
164.4082238265826561 0.0001134729973936
165.6058326248055153 0.0001111783966675
166.8121652374471466 0.0001089294796681
168.0272852119180982 0.0001067253491617
169.2512565585315087 0.0001045651253394
170.4841437538738376 0.0001024479454822
171.7260117442031344 0.0001003729636309
172.9769259488694502 0.0000983393502642
174.2369522637600028 0.0000963462919813
175.5061570647723670 0.0000943929911919
176.7846072113097762 0.0000924786658113
178.0723700498038227 0.0000906025489616
179.3695134172608334 0.0000887638886785
180.6761056448373211 0.0000869619476245
181.9922155614381722 0.0000851960028060
183.3179124973432579 0.0000834653452974
184.6532662878582869 0.0000817692799700
185.9983472769953039 0.0000801071252252
187.3532263211774307 0.0000784782127342
188.7179747929716882 0.0000768818871821
190.0926645848476539 0.0000753175060163
191.4773681129665874 0.0000737844392008
192.8721583209952541 0.0000722820689744
194.2771086839472616 0.0000708097896141
195.6922932120558301 0.0000693670072025
197.1177864546710623 0.0000679531394000
198.5536635041877105 0.0000665676152213
199.9999999999995737 0.0000652098747550
