#z_low   z_up   n(z) [h/Mpc]^3   bias    growth_rate(f)     Sigma_z     Sigma_xy
0.0000000e+00 1.0000000e-01 5.1646855e-02 1.3754308e+00 5.4985187e-01 1.2612206e+01 8.1376851e+00
1.0000000e-01 2.0000000e-01 1.4500953e-02 1.4496430e+00 6.0543793e-01 1.2395729e+01 7.7210890e+00
2.0000000e-01 3.0000000e-01 5.4381447e-03 1.5278876e+00 6.5527975e-01 1.2126057e+01 7.3256846e+00
3.0000000e-01 4.0000000e-01 1.3886349e-03 1.6096628e+00 6.9934552e-01 1.1816434e+01 6.9535203e+00
4.0000000e-01 5.0000000e-01 4.5889702e-04 2.1497419e+00 7.3789137e-01 1.1479423e+01 6.6053743e+00
5.0000000e-01 6.0000000e-01 4.7560686e-04 2.2607275e+00 7.7135077e-01 1.1126027e+01 6.2810974e+00
6.0000000e-01 7.0000000e-01 4.6592328e-04 2.3745929e+00 8.0024529e-01 1.0765303e+01 5.9799093e+00
7.0000000e-01 8.0000000e-01 4.5743900e-04 2.4909251e+00 8.2512044e-01 1.0404342e+01 5.7006331e+00
8.0000000e-01 9.0000000e-01 4.2546864e-04 2.6093683e+00 8.4650431e-01 1.0048441e+01 5.4418727e+00
9.0000000e-01 1.0000000e+00 2.4472358e-04 2.7296183e+00 8.6488403e-01 9.7013833e+00 5.2021376e+00
1.0000000e+00 1.1000000e+00 9.9532862e-05 2.8514164e+00 8.8069485e-01 9.3657259e+00 4.9799285e+00
1.1000000e+00 1.2000000e+00 3.5350017e-04 1.4697744e+00 8.9431736e-01 9.0430758e+00 4.7737913e+00
1.2000000e+00 1.3000000e+00 3.1977718e-04 1.5311786e+00 9.0607946e-01 8.7343231e+00 4.5823499e+00
1.3000000e+00 1.4000000e+00 2.8568820e-04 1.5930703e+00 9.1626085e-01 8.4398320e+00 4.4043231e+00
1.4000000e+00 1.5000000e+00 2.4813557e-04 1.6553837e+00 9.2509856e-01 8.1595913e+00 4.2385317e+00
1.5000000e+00 1.6000000e+00 1.5184158e-04 1.7180633e+00 9.3279268e-01 7.8933296e+00 4.0838987e+00
1.6000000e+00 1.7000000e+00 5.8768843e-07 2.5443738e+00 9.3951173e-01 7.6406020e+00 3.9394462e+00
1.7000000e+00 1.8000000e+00 5.4956293e-07 2.6347693e+00 9.4539754e-01 7.4008541e+00 3.8042888e+00
1.8000000e+00 1.9000000e+00 4.8922891e-07 2.7255137e+00 9.5056952e-01 7.1734676e+00 3.6776272e+00
1.9000000e+00 2.0000000e+00 4.5771602e-07 2.8165648e+00 9.5512829e-01 6.9577945e+00 3.5587406e+00
2.0000000e+00 2.1000000e+00 4.0306963e-07 2.9078864e+00 9.5915878e-01 6.7531793e+00 3.4469791e+00
